camera_matrix:
- - 3287.38810
  - 0.0
  - 184.931723
- - 0.0
  - 3682.76303
  - 213.907522
- - 0.0
  - 0.0
  - 1.0
dist_coeff:
- - -0.01032146
  - 0.14779021
  - -0.05519773
  - -0.0243719
  - -0.07145245